>ABTGGGAHGCGTACCA	4-ABTGGGAHGCGTACCA,BestGuess:CBF(- other)/several species/AthaMap(0.439)	14.317341	-2.673036	0	T:1.0(3.23%),B:0.0(0.00%),P:1e-1
0.960	0.001	0.038	0.001
0.001	0.324	0.318	0.357
0.362	0.001	0.001	0.636
0.001	0.362	0.636	0.001
0.001	0.001	0.681	0.317
0.001	0.044	0.637	0.318
0.637	0.001	0.318	0.044
0.318	0.318	0.001	0.363
0.001	0.039	0.636	0.324
0.001	0.681	0.317	0.001
0.001	0.044	0.637	0.318
0.362	0.001	0.001	0.636
0.681	0.317	0.001	0.001
0.318	0.642	0.001	0.039
0.039	0.642	0.318	0.001
0.641	0.357	0.001	0.001
